70
0
73
1
27
1
2
2
64
3
38
9
21
23
0
5
28
78
60
38
12
18
7
7
44
8
22
54
9
9
10
17
10
38
11
69
50
63
11
14
16
69
19
28
63
16
16
15
15
16
16
17
17
19
6
32
10
16
38
16
40
40
20
21
52
52
51
37
6
23
35
23
24
26
36
24
27
24
26
26
26
27
13
25
61
29
28
61
1
40
30
47
29
12
31
28
4
9
30
34
52
33
11
65
29
65
37
12
76
29
36
46
37
34
38
34
6
77
17
44
35
77
40
41
49
45
42
64
42
62
18
43
24
40
46
48
45
45
65
26
46
23
51
24
48
47
46
47
14
37
50
53
55
42
36
21
52
57
17
32
60
20
56
54
75
55
25
43
68
58
35
57
27
2
58
1
47
52
59
59
64
62
18
77
73
62
67
62
50
63
63
63
64
64
30
65
68
65
67
20
60
67
67
22
78
74
77
63
69
60
66
67
69
46
22
30
57
12
72
27
77
73
49
68
40
75
25
52
48
20
34
69
77
74
66
40
71
72
24
24
