26
75
10
31
13
28
40
0
64
0
15
75
58
63
0
5
42
66
60
38
17
51
26
48
57
39
22
77
48
72
10
19
8
34
27
29
72
0
3
43
61
46
11
75
19
38
61
15
3
28
31
6
66
19
6
32
77
50
73
42
21
67
59
37
29
73
47
21
6
22
5
39
76
37
36
27
5
59
26
25
24
73
26
17
61
33
39
57
1
51
0
76
29
22
31
28
53
34
49
43
44
40
12
44
39
44
17
10
12
36
39
36
24
15
25
34
59
33
14
59
33
74
66
68
26
33
63
62
62
28
26
43
63
40
52
8
45
74
76
26
46
24
61
32
67
1
47
42
62
0
50
32
13
57
39
22
61
57
29
66
60
61
62
73
58
15
46
43
57
40
47
0
25
33
58
66
73
61
19
28
29
12
43
26
73
62
67
63
52
15
15
63
37
51
30
61
4
75
40
6
32
67
67
40
68
26
77
43
17
24
66
26
70
46
66
71
59
14
25
73
68
73
49
70
70
61
13
75
62
39
20
16
72
17
66
66
19
26
4
24
